0.33474349999999997
0.3783877
0.46399389999999985
0.5519953000000002
0.6210222000000001
0.738766
0.8040783999999999
0.9195314000000003
1.0407910999999999
1.1792793999999995
1.2746155000000003
1.4147049000000003
1.5778892000000013
1.7135292999999994
1.8525230000000015
2.0236280000000004
2.2229650999999997
2.3560271999999998
2.592448700000002
2.795301200000001
2.9282163999999966
3.132835199999999
3.3354386999999974
3.6014539000000028
3.922644599999998
4.1082982
4.389777500000001
4.541064899999995
4.892227899999995
5.0741966000000005
5.3915891999999985
5.699374399999996
5.931199599999999
6.331899199999995
6.483373700000001
6.756447999999992
7.036143699999997
7.540131200000005
7.784990900000011
8.064011499999992
8.418908799999997
8.822119600000008
8.996793499999995
9.374165800000014
9.849053400000003
10.261024099999986
10.563603599999993
11.049256299999996
11.26710399999999
11.684641599999992
12.904085299999991
17.13108729999999
33.71254920000001
25.113976699999967
13.641309699999965
14.150421100000017
14.661949099999958
15.467057399999987
15.584404399999983
16.101916099999983
16.410026300000027
16.77256940000001
17.47518610000003
17.73376300000001
18.27746579999996
19.073543099999938
19.443133500000044
19.863642300000038
20.31036590000008
20.799817399999938
